Análise do circuito

Função lógica: G16=((E nand (F nand p0)) nand (G nand H))

Tabela verdade:
+---+---+----+---+---+-----+
| E | F | p0 | G | H | G16 |
+---+---+----+---+---+-----+
| 0 | 0 | 0  | 0 | 0 |  0  |
| 0 | 0 | 0  | 0 | 1 |  0  |
| 0 | 0 | 0  | 1 | 0 |  0  |
| 0 | 0 | 0  | 1 | 1 |  1  |
| 0 | 0 | 1  | 0 | 0 |  0  |
| 0 | 0 | 1  | 0 | 1 |  0  |
| 0 | 0 | 1  | 1 | 0 |  0  |
| 0 | 0 | 1  | 1 | 1 |  1  |
| 0 | 1 | 0  | 0 | 0 |  0  |
| 0 | 1 | 0  | 0 | 1 |  0  |
| 0 | 1 | 0  | 1 | 0 |  0  |
| 0 | 1 | 0  | 1 | 1 |  1  |
| 0 | 1 | 1  | 0 | 0 |  0  |
| 0 | 1 | 1  | 0 | 1 |  0  |
| 0 | 1 | 1  | 1 | 0 |  0  |
| 0 | 1 | 1  | 1 | 1 |  1  |
| 1 | 0 | 0  | 0 | 0 |  1  |
| 1 | 0 | 0  | 0 | 1 |  1  |
| 1 | 0 | 0  | 1 | 0 |  1  |
| 1 | 0 | 0  | 1 | 1 |  1  |
| 1 | 0 | 1  | 0 | 0 |  1  |
| 1 | 0 | 1  | 0 | 1 |  1  |
| 1 | 0 | 1  | 1 | 0 |  1  |
| 1 | 0 | 1  | 1 | 1 |  1  |
| 1 | 1 | 0  | 0 | 0 |  1  |
| 1 | 1 | 0  | 0 | 1 |  1  |
| 1 | 1 | 0  | 1 | 0 |  1  |
| 1 | 1 | 0  | 1 | 1 |  1  |
| 1 | 1 | 1  | 0 | 0 |  0  |
| 1 | 1 | 1  | 0 | 1 |  0  |
| 1 | 1 | 1  | 1 | 0 |  0  |
| 1 | 1 | 1  | 1 | 1 |  1  |
+---+---+----+---+---+-----+

#################################################

Análise do circuito

Função lógica: G16=((E nand (F nand 0)) nand (G nand H))

Tabela verdade:
+---+---+---+---+-----+
| E | F | G | H | G16 |
+---+---+---+---+-----+
| 0 | 0 | 0 | 0 |  0  |
| 0 | 0 | 0 | 1 |  0  |
| 0 | 0 | 1 | 0 |  0  |
| 0 | 0 | 1 | 1 |  1  |
| 0 | 1 | 0 | 0 |  0  |
| 0 | 1 | 0 | 1 |  0  |
| 0 | 1 | 1 | 0 |  0  |
| 0 | 1 | 1 | 1 |  1  |
| 1 | 0 | 0 | 0 |  1  |
| 1 | 0 | 0 | 1 |  1  |
| 1 | 0 | 1 | 0 |  1  |
| 1 | 0 | 1 | 1 |  1  |
| 1 | 1 | 0 | 0 |  1  |
| 1 | 1 | 0 | 1 |  1  |
| 1 | 1 | 1 | 0 |  1  |
| 1 | 1 | 1 | 1 |  1  |
+---+---+---+---+-----+

#################################################



TEMPO DE EXECUÇÃO: 0.010797500610351562 SEGUNDOS

