Análise do circuito

Função lógica: S2C4=((O nand (P nand Q)) nand ((p0 nand Q) nand R))

Tabela verdade:
+---+---+---+----+---+------+
| O | P | Q | p0 | R | S2C4 |
+---+---+---+----+---+------+
| 0 | 0 | 0 | 0  | 0 |  0   |
| 0 | 0 | 0 | 0  | 1 |  1   |
| 0 | 0 | 0 | 1  | 0 |  0   |
| 0 | 0 | 0 | 1  | 1 |  1   |
| 0 | 0 | 1 | 0  | 0 |  0   |
| 0 | 0 | 1 | 0  | 1 |  1   |
| 0 | 0 | 1 | 1  | 0 |  0   |
| 0 | 0 | 1 | 1  | 1 |  0   |
| 0 | 1 | 0 | 0  | 0 |  0   |
| 0 | 1 | 0 | 0  | 1 |  1   |
| 0 | 1 | 0 | 1  | 0 |  0   |
| 0 | 1 | 0 | 1  | 1 |  1   |
| 0 | 1 | 1 | 0  | 0 |  0   |
| 0 | 1 | 1 | 0  | 1 |  1   |
| 0 | 1 | 1 | 1  | 0 |  0   |
| 0 | 1 | 1 | 1  | 1 |  0   |
| 1 | 0 | 0 | 0  | 0 |  1   |
| 1 | 0 | 0 | 0  | 1 |  1   |
| 1 | 0 | 0 | 1  | 0 |  1   |
| 1 | 0 | 0 | 1  | 1 |  1   |
| 1 | 0 | 1 | 0  | 0 |  1   |
| 1 | 0 | 1 | 0  | 1 |  1   |
| 1 | 0 | 1 | 1  | 0 |  1   |
| 1 | 0 | 1 | 1  | 1 |  1   |
| 1 | 1 | 0 | 0  | 0 |  1   |
| 1 | 1 | 0 | 0  | 1 |  1   |
| 1 | 1 | 0 | 1  | 0 |  1   |
| 1 | 1 | 0 | 1  | 1 |  1   |
| 1 | 1 | 1 | 0  | 0 |  0   |
| 1 | 1 | 1 | 0  | 1 |  1   |
| 1 | 1 | 1 | 1  | 0 |  0   |
| 1 | 1 | 1 | 1  | 1 |  0   |
+---+---+---+----+---+------+

#################################################

Análise do circuito

Função lógica: S2C4=((O nand (P nand Q)) nand ((0 nand Q) nand R))

Tabela verdade:
+---+---+---+---+------+
| O | P | Q | R | S2C4 |
+---+---+---+---+------+
| 0 | 0 | 0 | 0 |  0   |
| 0 | 0 | 0 | 1 |  1   |
| 0 | 0 | 1 | 0 |  0   |
| 0 | 0 | 1 | 1 |  1   |
| 0 | 1 | 0 | 0 |  0   |
| 0 | 1 | 0 | 1 |  1   |
| 0 | 1 | 1 | 0 |  0   |
| 0 | 1 | 1 | 1 |  1   |
| 1 | 0 | 0 | 0 |  1   |
| 1 | 0 | 0 | 1 |  1   |
| 1 | 0 | 1 | 0 |  1   |
| 1 | 0 | 1 | 1 |  1   |
| 1 | 1 | 0 | 0 |  1   |
| 1 | 1 | 0 | 1 |  1   |
| 1 | 1 | 1 | 0 |  0   |
| 1 | 1 | 1 | 1 |  1   |
+---+---+---+---+------+

#################################################



TEMPO DE EXECUÇÃO: 0.011233806610107422 SEGUNDOS

