Análise do circuito

Função lógica: O2=((J nand p1) nand ((J or K) or (L and M)))

Tabela verdade:
+---+----+---+---+---+----+
| J | p1 | K | L | M | O2 |
+---+----+---+---+---+----+
| 0 | 0  | 0 | 0 | 0 | 1  |
| 0 | 0  | 0 | 0 | 1 | 1  |
| 0 | 0  | 0 | 1 | 0 | 1  |
| 0 | 0  | 0 | 1 | 1 | 0  |
| 0 | 0  | 1 | 0 | 0 | 0  |
| 0 | 0  | 1 | 0 | 1 | 0  |
| 0 | 0  | 1 | 1 | 0 | 0  |
| 0 | 0  | 1 | 1 | 1 | 0  |
| 0 | 1  | 0 | 0 | 0 | 1  |
| 0 | 1  | 0 | 0 | 1 | 1  |
| 0 | 1  | 0 | 1 | 0 | 1  |
| 0 | 1  | 0 | 1 | 1 | 0  |
| 0 | 1  | 1 | 0 | 0 | 0  |
| 0 | 1  | 1 | 0 | 1 | 0  |
| 0 | 1  | 1 | 1 | 0 | 0  |
| 0 | 1  | 1 | 1 | 1 | 0  |
| 1 | 0  | 0 | 0 | 0 | 0  |
| 1 | 0  | 0 | 0 | 1 | 0  |
| 1 | 0  | 0 | 1 | 0 | 0  |
| 1 | 0  | 0 | 1 | 1 | 0  |
| 1 | 0  | 1 | 0 | 0 | 0  |
| 1 | 0  | 1 | 0 | 1 | 0  |
| 1 | 0  | 1 | 1 | 0 | 0  |
| 1 | 0  | 1 | 1 | 1 | 0  |
| 1 | 1  | 0 | 0 | 0 | 1  |
| 1 | 1  | 0 | 0 | 1 | 1  |
| 1 | 1  | 0 | 1 | 0 | 1  |
| 1 | 1  | 0 | 1 | 1 | 1  |
| 1 | 1  | 1 | 0 | 0 | 1  |
| 1 | 1  | 1 | 0 | 1 | 1  |
| 1 | 1  | 1 | 1 | 0 | 1  |
| 1 | 1  | 1 | 1 | 1 | 1  |
+---+----+---+---+---+----+

#################################################

Análise do circuito

Função lógica: O2=((J nand 1) nand ((J or K) or (L and M)))

Tabela verdade:
+---+---+---+---+----+
| J | K | L | M | O2 |
+---+---+---+---+----+
| 0 | 0 | 0 | 0 | 1  |
| 0 | 0 | 0 | 1 | 1  |
| 0 | 0 | 1 | 0 | 1  |
| 0 | 0 | 1 | 1 | 0  |
| 0 | 1 | 0 | 0 | 0  |
| 0 | 1 | 0 | 1 | 0  |
| 0 | 1 | 1 | 0 | 0  |
| 0 | 1 | 1 | 1 | 0  |
| 1 | 0 | 0 | 0 | 1  |
| 1 | 0 | 0 | 1 | 1  |
| 1 | 0 | 1 | 0 | 1  |
| 1 | 0 | 1 | 1 | 1  |
| 1 | 1 | 0 | 0 | 1  |
| 1 | 1 | 0 | 1 | 1  |
| 1 | 1 | 1 | 0 | 1  |
| 1 | 1 | 1 | 1 | 1  |
+---+---+---+---+----+

#################################################



TEMPO DE EXECUÇÃO: 0.011810779571533203 SEGUNDOS

